{"dmat": {"@module": "numpy", "@class": "array", "dtype": "float64", "data": [[0.0, 5.091410436498802, 13.623971333607807, 13.189532543704985, 4.700544862737858, 8.590260190847625, 16.69494594767104, 16.25687907588733, 16.19200154001664, 4.600002607594823, 9.699457077525564, 18.33415623994343, 4.685680065229837, 13.767325162508186, 9.846626763935564, 26.63154345301597, 5.521631767390055, 11.290471032907455, 7.834629524971784, 15.285439016838923, 8.028998488913894, 8.820934791966385, 14.734092970591629, 12.59248822539942], [5.091410436498802, 0.0, 8.533397522719048, 8.540019725807344, 9.05739090824385, 4.799833562074025, 11.604372136782281, 11.226305264998569, 11.101427729127877, 5.2101479321963255, 4.6316187171827, 13.266317879600571, 8.83194174587441, 8.722812577256539, 7.176667170624056, 21.54096964212721, 8.959353781728673, 10.43279330625593, 6.834626903998373, 11.09290426036864, 5.030688066395703, 12.025043279910623, 12.058742523699339, 13.926426203499812], [13.623971333607807, 8.533397522719048, 0.0, 2.4578531822058256, 17.549579971748393, 12.635306513947656, 4.903416063995387, 6.067552696198565, 4.383752867218021, 13.636878788248705, 8.41209402559975, 5.022026101375943, 17.324130809378953, 7.198624665000901, 13.347230463632956, 14.29708022845788, 17.30004098003827, 15.648570634354448, 15.3171399669165, 12.6613271030942, 12.981553374339365, 20.125441705633015, 12.587893222467317, 20.921195409125655], [13.189532543704985, 8.540019725807344, 2.4578531822058256, 0.0, 17.19605171661095, 12.68417840881959, 7.0566409680119415, 5.554299566167877, 6.670012182879629, 13.341263817325977, 8.622385673840713, 7.1829893535331815, 16.97060255424151, 8.28611889215627, 12.530233790875947, 13.545171494948917, 16.7659740237399, 15.100670628997335, 15.213002298690737, 13.063433677592226, 13.099054558541882, 19.591374749334655, 11.600881189653954, 20.387128452827287], [4.700544862737858, 9.05739090824385, 17.549579971748393, 17.19605171661095, 0.0, 5.090381047058384, 13.346688457939068, 13.097598944966455, 16.70523730343655, 7.8442436915749525, 12.910462780302263, 21.56810649338935, 0.676355209791639, 10.828505112778117, 7.06762923203808, 23.830232497072437, 8.270281207914136, 8.14558638075487, 5.1102130090514, 18.671887053673956, 8.330063795392691, 7.9143503943582925, 13.867238992329336, 11.961076288524307], [8.590260190847625, 4.799833562074025, 12.635306513947656, 12.68417840881959, 5.090381047058384, 0.0, 8.432322041737216, 8.199551658411021, 11.790963845635813, 8.229155905708716, 8.094327425418985, 16.653833035588608, 5.370116399936102, 5.930457826222678, 3.714745069484668, 18.955993588839824, 11.086154531120751, 7.5128751317317395, 3.7264649423053378, 14.812729143119428, 5.183251666313218, 10.955842299306466, 11.118916854708104, 13.206905114057248], [16.69494594767104, 11.604372136782281, 4.903416063995387, 7.0566409680119415, 13.346688457939068, 8.432322041737216, 0.0, 2.2501977865389167, 3.776186062415845, 15.992105428170083, 10.806323929185657, 8.331737237379592, 13.62422676173779, 3.39719824087255, 10.094833240087294, 11.919412219465924, 18.846567534608123, 12.233216551634499, 12.020540070947314, 15.540999823655838, 12.469903986614245, 18.49290290325673, 11.527119643482303, 19.605966235690413], [16.25687907588733, 11.226305264998569, 6.067552696198565, 5.554299566167877, 13.097598944966455, 8.199551658411021, 2.2501977865389167, 0.0, 5.986272429067263, 15.774038556386369, 10.776390931641293, 10.236883096587668, 13.290577537807343, 3.8842659882868595, 8.953372978419031, 11.475283448629625, 18.40850066282441, 11.339890021832174, 11.798846725908842, 15.529032178645876, 12.194475738157493, 18.05483603147302, 10.528818568249088, 19.1678993639067], [16.19200154001664, 11.101427729127877, 4.383752867218021, 6.670012182879629, 16.70523730343655, 11.790963845635813, 3.776186062415845, 5.986272429067263, 0.0, 15.98916102051568, 10.785085344871275, 7.633393383444943, 16.23661066844413, 6.013406239357092, 12.957383375201708, 13.579898115307483, 19.843623126953716, 15.867970157114714, 15.17269300519252, 15.309340763144853, 10.6226901773627, 20.987831843941553, 14.36091641767839, 22.2476998885737], [4.600002607594823, 5.2101479321963255, 13.636878788248705, 13.341263817325977, 7.8442436915749525, 8.229155905708716, 15.992105428170083, 15.774038556386369, 15.98916102051568, 0.0, 5.226829847473502, 13.874949751036777, 8.192742630656909, 13.555167032336437, 10.196497095168233, 26.304893409705493, 6.7055080095250705, 12.071196325016075, 6.991807125049808, 10.88684786917046, 6.972836870621939, 12.002665651366202, 15.827261094665861, 15.121329765629548], [9.699457077525564, 4.6316187171827, 8.41209402559975, 8.622385673840713, 12.910462780302263, 8.094327425418985, 10.806323929185657, 10.776390931641293, 10.785085344871275, 5.226829847473502, 0.0, 8.657643713087086, 13.18501361793282, 8.680312923963807, 10.601225354430339, 21.30683965740597, 11.14891595445176, 13.07123020372357, 9.921808626330789, 6.97771248414045, 7.853261622676726, 16.27104089579128, 13.414147027609756, 17.77616262317222], [18.33415623994343, 13.266317879600571, 5.022026101375943, 7.1829893535331815, 21.56810649338935, 16.653833035588608, 8.331737237379592, 10.236883096587668, 7.633393383444943, 13.874949751036777, 8.657643713087086, 0.0, 21.842657331019907, 11.61945290193287, 18.071985496849656, 14.18934123540648, 19.78361511686963, 19.81194224725899, 18.57945233941787, 12.763779921888874, 16.50007989598032, 24.64061608709367, 16.79408691696746, 25.336792879132698], [4.685680065229837, 8.83194174587441, 17.324130809378953, 16.97060255424151, 0.676355209791639, 5.370116399936102, 13.62422676173779, 13.290577537807343, 16.23661066844413, 8.192742630656909, 13.18501361793282, 21.842657331019907, 0.0, 10.247090772318682, 6.518292048244118, 23.31329308816489, 8.721931697186902, 8.479734284804232, 5.348908423554615, 19.020385992755912, 8.369085343956675, 8.017044546608034, 13.637618093474583, 12.066995866157328], [13.767325162508186, 8.722812577256539, 7.198624665000901, 8.28611889215627, 10.828505112778117, 5.930457826222678, 3.39719824087255, 3.8842659882868595, 6.013406239357092, 13.555167032336437, 8.680312923963807, 11.61945290193287, 10.247090772318682, 0.0, 7.644167685296505, 13.945988149319382, 16.460073214206066, 10.802174737282645, 9.529752893720502, 14.516246852096508, 9.910706249906521, 15.608175461139915, 10.808303931284435, 17.17452011651186], [9.846626763935564, 7.176667170624056, 13.347230463632956, 12.530233790875947, 7.06762923203808, 3.714745069484668, 10.094833240087294, 8.953372978419031, 12.957383375201708, 10.196497095168233, 10.601225354430339, 18.071985496849656, 6.518292048244118, 7.644167685296505, 0.0, 17.144297219329342, 12.459478208510378, 7.998188253545821, 6.583884222672672, 16.812250623323884, 7.615559897631886, 10.911900346878758, 10.029339886697946, 12.525278458182953], [26.63154345301597, 21.54096964212721, 14.29708022845788, 13.545171494948917, 23.830232497072437, 18.955993588839824, 11.919412219465924, 11.475283448629625, 13.579898115307483, 26.304893409705493, 21.30683965740597, 14.18934123540648, 23.31329308816489, 13.945988149319382, 17.144297219329342, 0.0, 29.283165039953055, 21.639291548645783, 22.507908201858882, 25.29493363426916, 22.60399460074866, 27.2435380343342, 18.077020181064725, 27.856601366767876], [5.521631767390055, 8.959353781728673, 17.30004098003827, 16.7659740237399, 8.270281207914136, 11.086154531120751, 18.846567534608123, 18.40850066282441, 19.843623126953716, 6.7055080095250705, 11.14891595445176, 19.78361511686963, 8.721931697186902, 16.460073214206066, 12.459478208510378, 29.283165039953055, 0.0, 9.915406229311992, 9.160626324282973, 15.931577886812228, 11.140635081629906, 7.53863066803082, 14.713204395322206, 10.990125937062295], [11.290471032907455, 10.43279330625593, 15.648570634354448, 15.100670628997335, 8.14558638075487, 7.5128751317317395, 12.233216551634499, 11.339890021832174, 15.867970157114714, 12.071196325016075, 13.07123020372357, 19.81194224725899, 8.479734284804232, 10.802174737282645, 7.998188253545821, 21.639291548645783, 9.915406229311992, 0.0, 9.172464274020998, 18.616952020297887, 10.654433176597983, 7.540768691259254, 7.807263985927955, 8.163499865093836], [7.834629524971784, 6.834626903998373, 15.3171399669165, 15.213002298690737, 5.1102130090514, 3.7264649423053378, 12.020540070947314, 11.798846725908842, 15.17269300519252, 6.991807125049808, 9.921808626330789, 18.57945233941787, 5.348908423554615, 9.529752893720502, 6.583884222672672, 22.507908201858882, 9.160626324282973, 9.172464274020998, 0.0, 14.86558152893573, 6.393121791603727, 9.431623594789627, 12.347762860524636, 12.570707614694244], [15.285439016838923, 11.09290426036864, 12.6613271030942, 13.063433677592226, 18.671887053673956, 14.812729143119428, 15.540999823655838, 15.529032178645876, 15.309340763144853, 10.88684786917046, 6.97771248414045, 12.763779921888874, 19.020385992755912, 14.516246852096508, 16.812250623323884, 25.29493363426916, 15.931577886812228, 18.616952020297887, 14.86558152893573, 0.0, 14.219196720130082, 21.67746385892156, 18.432066863689343, 22.488470224014243], [8.028998488913894, 5.030688066395703, 12.981553374339365, 13.099054558541882, 8.330063795392691, 5.183251666313218, 12.469903986614245, 12.194475738157493, 10.6226901773627, 6.972836870621939, 7.853261622676726, 16.50007989598032, 8.369085343956675, 9.910706249906521, 7.615559897631886, 22.60399460074866, 11.140635081629906, 10.654433176597983, 6.393121791603727, 14.219196720130082, 0.0, 13.841330983754865, 14.621553412425497, 16.204727959961293], [8.820934791966385, 12.025043279910623, 20.125441705633015, 19.591374749334655, 7.9143503943582925, 10.955842299306466, 18.49290290325673, 18.05483603147302, 20.987831843941553, 12.002665651366202, 16.27104089579128, 24.64061608709367, 8.017044546608034, 15.608175461139915, 10.911900346878758, 27.2435380343342, 7.53863066803082, 7.540768691259254, 9.431623594789627, 21.67746385892156, 13.841330983754865, 0.0, 10.525443516887082, 5.137813637076593], [14.734092970591629, 12.058742523699339, 12.587893222467317, 11.600881189653954, 13.867238992329336, 11.118916854708104, 11.527119643482303, 10.528818568249088, 14.36091641767839, 15.827261094665861, 13.414147027609756, 16.79408691696746, 13.637618093474583, 10.808303931284435, 10.029339886697946, 18.077020181064725, 14.713204395322206, 7.807263985927955, 12.347762860524636, 18.432066863689343, 14.621553412425497, 10.525443516887082, 0.0, 10.279581185703158], [12.59248822539942, 13.926426203499812, 20.921195409125655, 20.387128452827287, 11.961076288524307, 13.206905114057248, 19.605966235690413, 19.1678993639067, 22.2476998885737, 15.121329765629548, 17.77616262317222, 25.336792879132698, 12.066995866157328, 17.17452011651186, 12.525278458182953, 27.856601366767876, 10.990125937062295, 8.163499865093836, 12.570707614694244, 22.488470224014243, 16.204727959961293, 5.137813637076593, 10.279581185703158, 0.0]]}, "data_2d": {"@module": "numpy", "@class": "array", "dtype": "float32", "data": [[-6.012484550476074, 9.853419303894043], [-5.110517978668213, 10.160640716552734], [4.691157817840576, 13.335299491882324], [4.414536952972412, 13.2538423538208], [-7.055630207061768, 10.621027946472168], [-6.759564399719238, 9.825028419494629], [4.274679183959961, 12.858747482299805], [3.66422700881958, 12.365912437438965], [4.518551826477051, 12.393796920776367], [-5.371241569519043, 9.541112899780273], [-4.814831256866455, 9.711137771606445], [4.844396591186523, 12.997559547424316], [-6.6959099769592285, 10.526296615600586], [4.054030895233154, 12.162193298339844], [-7.29709005355835, 9.969268798828125], [3.909579038619995, 12.668039321899414], [-5.963674068450928, 9.246101379394531], [-7.151673316955566, 8.978974342346191], [-6.637146949768066, 10.233743667602539], [-4.483465671539307, 9.803156852722168], [-5.672047138214111, 10.441350936889648], [-6.45073938369751, 8.801583290100098], [-7.118569850921631, 8.525816917419434], [-6.663060188293457, 8.47795295715332]]}, "molecules": [{"@module": "chemdes.schema", "@class": "Molecule", "@version": null, "inchi": "InChI=1S/C8H16O2/c1-2-3-4-5-6-7-8(9)10/h2-7H2,1H3,(H,9,10)", "iupac_name": "octanoic acid"}, {"@module": "chemdes.schema", "@class": "Molecule", "@version": null, "inchi": "InChI=1S/C12H24O2/c1-2-3-4-5-6-7-8-9-10-11-12(13)14/h2-11H2,1H3,(H,13,14)", "iupac_name": "dodecanoic acid"}, {"@module": "chemdes.schema", "@class": "Molecule", "@version": null, "inchi": "InChI=1S/C18H36O2/c1-2-3-4-5-6-7-8-9-10-11-12-13-14-15-16-17-18(19)20/h2-17H2,1H3,(H,19,20)", "iupac_name": "octadecanoic acid"}, {"@module": "chemdes.schema", "@class": "Molecule", "@version": null, "inchi": "InChI=1S/C18H34O2/c1-2-3-4-5-6-7-8-9-10-11-12-13-14-15-16-17-18(19)20/h9-10H,2-8,11-17H2,1H3,(H,19,20)/b10-9-", "iupac_name": "(Z)-octadec-9-enoic acid"}, {"@module": "chemdes.schema", "@class": "Molecule", "@version": null, "inchi": "InChI=1S/C8H19N/c1-2-3-4-5-6-7-8-9/h2-9H2,1H3", "iupac_name": "octan-1-amine"}, {"@module": "chemdes.schema", "@class": "Molecule", "@version": null, "inchi": "InChI=1S/C12H27N/c1-2-3-4-5-6-7-8-9-10-11-12-13/h2-13H2,1H3", "iupac_name": "dodecan-1-amine"}, {"@module": "chemdes.schema", "@class": "Molecule", "@version": null, "inchi": "InChI=1S/C18H39N/c1-2-3-4-5-6-7-8-9-10-11-12-13-14-15-16-17-18-19/h2-19H2,1H3", "iupac_name": "octadecan-1-amine"}, {"@module": "chemdes.schema", "@class": "Molecule", "@version": null, "inchi": "InChI=1S/C18H37N/c1-2-3-4-5-6-7-8-9-10-11-12-13-14-15-16-17-18-19/h9-10H,2-8,11-19H2,1H3/b10-9-", "iupac_name": "(Z)-octadec-9-en-1-amine"}, {"@module": "chemdes.schema", "@class": "Molecule", "@version": null, "inchi": "InChI=1S/C18H38S/c1-2-3-4-5-6-7-8-9-10-11-12-13-14-15-16-17-18-19/h19H,2-18H2,1H3", "iupac_name": "octadecane-1-thiol"}, {"@module": "chemdes.schema", "@class": "Molecule", "@version": null, "inchi": "InChI=1S/C8H19O3P/c1-2-3-4-5-6-7-8-12(9,10)11/h2-8H2,1H3,(H2,9,10,11)", "iupac_name": "octylphosphonic acid"}, {"@module": "chemdes.schema", "@class": "Molecule", "@version": null, "inchi": "InChI=1S/C12H27O3P/c1-2-3-4-5-6-7-8-9-10-11-12-16(13,14)15/h2-12H2,1H3,(H2,13,14,15)", "iupac_name": "dodecylphosphonic acid"}, {"@module": "chemdes.schema", "@class": "Molecule", "@version": null, "inchi": "InChI=1S/C18H39O3P/c1-2-3-4-5-6-7-8-9-10-11-12-13-14-15-16-17-18-22(19,20)21/h2-18H2,1H3,(H2,19,20,21)", "iupac_name": "octadecylphosphonic acid"}, {"@module": "chemdes.schema", "@class": "Molecule", "@version": null, "inchi": "InChI=1S/C8H19N/c1-3-5-7-9-8-6-4-2/h9H,3-8H2,1-2H3", "iupac_name": "N-butylbutan-1-amine"}, {"@module": "chemdes.schema", "@class": "Molecule", "@version": null, "inchi": "InChI=1S/C16H35N/c1-3-5-7-9-11-13-15-17-16-14-12-10-8-6-4-2/h17H,3-16H2,1-2H3", "iupac_name": "N-octyloctan-1-amine"}, {"@module": "chemdes.schema", "@class": "Molecule", "@version": null, "inchi": "InChI=1S/C12H27N/c1-4-7-10-13(11-8-5-2)12-9-6-3/h4-12H2,1-3H3", "iupac_name": "N,N-dibutylbutan-1-amine"}, {"@module": "chemdes.schema", "@class": "Molecule", "@version": null, "inchi": "InChI=1S/C24H51N/c1-4-7-10-13-16-19-22-25(23-20-17-14-11-8-5-2)24-21-18-15-12-9-6-3/h4-24H2,1-3H3", "iupac_name": "N,N-dioctyloctan-1-amine"}, {"@module": "chemdes.schema", "@class": "Molecule", "@version": null, "inchi": "InChI=1S/C9H11NO2/c10-8(9(11)12)6-7-4-2-1-3-5-7/h1-5,8H,6,10H2,(H,11,12)", "iupac_name": "2-amino-3-phenylpropanoic acid"}, {"@module": "chemdes.schema", "@class": "Molecule", "@version": null, "inchi": "InChI=1S/C15H17N/c16-12-11-15(13-7-3-1-4-8-13)14-9-5-2-6-10-14/h1-10,15H,11-12,16H2", "iupac_name": "3,3-diphenylpropan-1-amine"}, {"@module": "chemdes.schema", "@class": "Molecule", "@version": null, "inchi": "InChI=1S/C10H24N2/c11-9-7-5-3-1-2-4-6-8-10-12/h1-12H2", "iupac_name": "decane-1,10-diamine"}, {"@module": "chemdes.schema", "@class": "Molecule", "@version": null, "inchi": "InChI=1S/C10H24O6P2/c11-17(12,13)9-7-5-3-1-2-4-6-8-10-18(14,15)16/h1-10H2,(H2,11,12,13)(H2,14,15,16)", "iupac_name": "10-phosphonodecylphosphonic acid"}, {"@module": "chemdes.schema", "@class": "Molecule", "@version": null, "inchi": "InChI=1S/C10H22S2/c11-9-7-5-3-1-2-4-6-8-10-12/h11-12H,1-10H2", "iupac_name": "decane-1,10-dithiol"}, {"@module": "chemdes.schema", "@class": "Molecule", "@version": null, "inchi": "InChI=1S/C10H8N2/c1-3-7-11-9(5-1)10-6-2-4-8-12-10/h1-8H", "iupac_name": "2-pyridin-2-ylpyridine"}, {"@module": "chemdes.schema", "@class": "Molecule", "@version": null, "inchi": "InChI=1S/C18H24N2/c1-17(2,3)13-7-9-19-15(11-13)16-12-14(8-10-20-16)18(4,5)6/h7-12H,1-6H3", "iupac_name": "4-tert-butyl-2-(4-tert-butylpyridin-2-yl)pyridine"}, {"@module": "chemdes.schema", "@class": "Molecule", "@version": null, "inchi": "InChI=1S/C12H8N2/c1-3-9-5-6-10-4-2-8-14-12(10)11(9)13-7-1/h1-8H", "iupac_name": "1,10-phenanthroline"}]}