{"dmat": {"@module": "numpy", "@class": "array", "dtype": "float64", "data": [[0.0, 0.9647507094658243, 2.394197716547607, 2.3239428651263037, 1.5209484362776045, 2.2775730972213113, 3.701580394420955, 3.7183609011138854, 3.6821028978944614, 1.6923004836177387, 2.622599697163345, 4.052046704245129, 1.6885514870930776, 3.3700958160875634, 2.65661712211807, 5.45839418251917, 3.076583644841381, 3.5943938246848197, 3.667198116119876, 5.559270166805474, 3.846278897410274, 4.354257503469525, 5.915628715515422, 5.5204149953121915], [0.9647507094658243, 0.0, 1.4294470070817828, 1.3591921556604798, 2.4621270695874906, 1.5010028333764258, 2.73682968495513, 2.753610191648061, 2.7173521884286367, 2.226518852568734, 1.6814210638534597, 3.110868070935242, 2.629730120402963, 2.405345106621739, 2.021164703540391, 4.4936434730533446, 3.575136051019825, 3.2239764430072775, 3.7620655844547577, 5.263827019787296, 3.543858265239262, 4.697814454413914, 5.355402463157917, 5.273014630209018], [2.394197716547607, 1.4294470070817828, 0.0, 0.08294750781296217, 3.8915740766692735, 2.9304498404582087, 1.4955631234942866, 1.6655459894214824, 1.4435066053735166, 3.6559658596505167, 2.680335730420413, 1.6814210638534597, 4.059177127484746, 2.1505279297679656, 3.4506117106221743, 3.064196465971562, 5.004583058101607, 3.8466328123069067, 5.19151259153654, 5.975024266731728, 4.973305272321044, 5.945470823713544, 4.909835993502453, 6.520670999508647], [2.3239428651263037, 1.3591921556604798, 0.08294750781296217, 0.0, 3.8086265688563112, 2.847502332645247, 1.5332389533213133, 1.5825984816085201, 1.5137614567948197, 3.5857110082292136, 2.61008087899911, 1.7643685716664217, 3.9762296196717837, 2.0675804219550034, 3.367664202809212, 3.1344513173928656, 4.934328206680305, 3.7636853044939436, 5.108565083723579, 5.904769415310424, 4.890357764508083, 5.87521597229224, 4.83958114208115, 6.450416148087344], [1.5209484362776045, 2.4621270695874906, 3.8915740766692735, 3.8086265688563112, 0.0, 0.9611242362110644, 2.3960109531749865, 2.3855929104572193, 3.6896031625189987, 3.2132489198953427, 4.143548133440951, 5.572995140522733, 0.1676030508154728, 2.037327825430897, 1.3238491314614038, 4.203595366839838, 3.5649530595247096, 2.4774009926863583, 2.4970604289597476, 7.080218603083078, 4.031476351518039, 4.004323002551313, 5.598273236191485, 5.2030595159882544], [2.2775730972213113, 1.5010028333764258, 2.9304498404582087, 2.847502332645247, 0.9611242362110644, 0.0, 1.4348867169639226, 1.4407878038925737, 2.728478926307934, 3.539341240324221, 3.1824238972298855, 4.611870904311669, 1.1287272870265372, 1.0925227188662514, 0.5201618701639649, 3.2424711306287732, 3.888564407567919, 2.0780310626693, 2.4399529465227263, 6.732250831569448, 3.5705856657791255, 4.202934350594521, 5.0181013809328014, 4.903134526389627], [3.701580394420955, 2.73682968495513, 1.4955631234942866, 1.5332389533213133, 2.3960109531749865, 1.4348867169639226, 0.0, 0.16998286592719614, 1.2935922093440118, 4.963348537523864, 3.9877184082937602, 3.176984187347746, 2.5636140039904594, 0.6549648062736794, 1.9550485871278873, 1.8075844136648505, 5.311965735974956, 2.5702477220867888, 3.8675867169771294, 7.282406944605075, 4.968509044180491, 5.445151010012012, 4.534516179800923, 6.020351185807115], [3.7183609011138854, 2.753610191648061, 1.6655459894214824, 1.5825984816085201, 2.3855929104572193, 1.4407878038925737, 0.16998286592719614, 0.0, 1.4635750752712078, 4.980129044216795, 4.004498914986691, 3.346967053274942, 2.4643473665310784, 0.5611378786964378, 1.9083658118625226, 1.9775672795920467, 5.328746242667886, 2.5870282287797197, 3.8807407504153004, 7.299187451298006, 4.985289550873421, 5.461931516704942, 4.551296686493853, 6.037131692500045], [3.6821028978944614, 2.7173521884286367, 1.4435066053735166, 1.5137614567948197, 3.6896031625189987, 2.728478926307934, 1.2935922093440118, 1.4635750752712078, 0.0, 4.921046938745392, 3.9454168095152893, 3.07801216975159, 3.857206213334471, 1.9485570156176912, 3.248640796471899, 2.799115386876686, 6.269664137196483, 3.722407474495171, 4.966717575134287, 7.240105345826604, 3.92620744540202, 6.597310762420393, 5.686675932209304, 7.172510938215497], [1.6923004836177387, 2.226518852568734, 3.6559658596505167, 3.5857110082292136, 3.2132489198953427, 3.539341240324221, 4.963348537523864, 4.980129044216795, 4.921046938745392, 0.0, 0.9756301292301036, 2.4050771363118866, 3.380851970710816, 4.631863959190473, 3.9183852652209796, 6.720162325622078, 3.1864192048071813, 4.951400063025825, 4.229378780442696, 3.883013363400959, 4.151562321539511, 5.601175628607829, 7.265382007346906, 6.8103314784401405], [2.622599697163345, 1.6814210638534597, 2.680335730420413, 2.61008087899911, 4.143548133440951, 3.1824238972298855, 3.9877184082937602, 4.004498914986691, 3.9454168095152893, 0.9756301292301036, 0.0, 1.4294470070817826, 4.311151184256423, 3.656233829960369, 3.7025857673938507, 5.744532196391975, 3.9617229631187327, 4.594194658807413, 4.719201803512112, 3.6064973531572466, 4.26818864132644, 6.160281083632, 6.670704259069184, 6.802571014640159], [4.052046704245129, 3.110868070935242, 1.6814210638534597, 1.7643685716664217, 5.572995140522733, 4.611870904311669, 3.176984187347746, 3.346967053274942, 3.07801216975159, 2.4050771363118866, 1.4294470070817826, 0.0, 5.740598191338206, 3.8319489936214253, 5.1320327744756336, 4.315085189310192, 5.391169970200515, 5.46685102810704, 6.148648810593896, 4.724135543393096, 5.697635648408224, 7.407937452931629, 6.4992291866371295, 8.050227383939788], [1.6885514870930776, 2.629730120402963, 4.059177127484746, 3.9762296196717837, 0.1676030508154728, 1.1287272870265372, 2.5636140039904594, 2.4643473665310784, 3.857206213334471, 3.380851970710816, 4.311151184256423, 5.740598191338206, 0.0, 1.9086491977167803, 1.2423146560591638, 4.158325623985195, 3.699071397120967, 2.645004043501831, 2.6311787665560034, 7.2478216538985505, 4.199079402333512, 4.1347894837872525, 5.762224430646641, 5.367010710443411], [3.3700958160875634, 2.405345106621739, 2.1505279297679656, 2.0675804219550034, 2.037327825430897, 1.0925227188662514, 0.6549648062736794, 0.5611378786964378, 1.9485570156176912, 4.631863959190473, 3.656233829960369, 3.8319489936214253, 1.9086491977167803, 0.0, 1.3472279331660848, 2.2496764262684144, 4.980481157641564, 2.2993600230141156, 3.5324756653889775, 7.108341696676168, 4.6370244658471, 5.170611454579021, 4.7599766243679325, 5.745811630374126], [2.65661712211807, 2.021164703540391, 3.4506117106221743, 3.367664202809212, 1.3238491314614038, 0.5201618701639649, 1.9550485871278873, 1.9083658118625226, 3.248640796471899, 3.9183852652209796, 3.7025857673938507, 5.1320327744756336, 1.2423146560591638, 1.3472279331660848, 0.0, 2.916010967926031, 4.2676084324646775, 2.457075087566059, 2.818996971419485, 7.2065329517043, 3.995509440704995, 4.078326519130964, 4.939373299498355, 4.778526694926069], [5.45839418251917, 4.4936434730533446, 3.064196465971562, 3.1344513173928656, 4.203595366839838, 3.2424711306287732, 1.8075844136648505, 1.9775672795920467, 2.799115386876686, 6.720162325622078, 5.744532196391975, 4.315085189310192, 4.158325623985195, 2.2496764262684144, 2.916010967926031, 0.0, 7.068779524073169, 4.145270872402849, 5.6751711306419805, 9.03922073270329, 6.725322832278706, 6.516522303967755, 5.480887473756666, 7.091722479762859], [3.076583644841381, 3.575136051019825, 5.004583058101607, 4.934328206680305, 3.5649530595247096, 3.888564407567919, 5.311965735974956, 5.328746242667886, 6.269664137196483, 3.1864192048071813, 3.9617229631187327, 5.391169970200515, 3.699071397120967, 4.980481157641564, 4.2676084324646775, 7.068779524073169, 0.0, 4.347636309095963, 2.4786069162792477, 4.89839343276086, 3.5913435692599576, 2.8035827768392427, 4.56638015817895, 4.111329629272185], [3.5943938246848197, 3.2239764430072775, 3.8466328123069067, 3.7636853044939436, 2.4774009926863583, 2.0780310626693, 2.5702477220867888, 2.5870282287797197, 3.722407474495171, 4.951400063025825, 4.594194658807413, 5.46685102810704, 2.645004043501831, 2.2993600230141156, 2.457075087566059, 4.145270872402849, 4.347636309095963, 0.0, 4.234691042202787, 7.901410851059416, 5.353922604198544, 3.2381815790932267, 3.1208722435051253, 3.450103463720326], [3.667198116119876, 3.7620655844547577, 5.19151259153654, 5.108565083723579, 2.4970604289597476, 2.4399529465227263, 3.8675867169771294, 3.8807407504153004, 4.966717575134287, 4.229378780442696, 4.719201803512112, 6.148648810593896, 2.6311787665560034, 3.5324756653889775, 2.818996971419485, 5.6751711306419805, 2.4786069162792477, 4.234691042202787, 0.0, 5.655872273154239, 2.607130021589202, 2.7196924682847965, 4.355563285707912, 3.960349565504683], [5.559270166805474, 5.263827019787296, 5.975024266731728, 5.904769415310424, 7.080218603083078, 6.732250831569448, 7.282406944605075, 7.299187451298006, 7.240105345826604, 3.883013363400959, 3.6064973531572466, 4.724135543393096, 7.2478216538985505, 7.108341696676168, 7.2065329517043, 9.03922073270329, 4.89839343276086, 7.901410851059416, 5.655872273154239, 0.0, 5.437982635060749, 7.035142736428195, 7.965392795380499, 8.010342266473733], [3.846278897410274, 3.543858265239262, 4.973305272321044, 4.890357764508083, 4.031476351518039, 3.5705856657791255, 4.968509044180491, 4.985289550873421, 3.92620744540202, 4.151562321539511, 4.26818864132644, 5.697635648408224, 4.199079402333512, 4.6370244658471, 3.995509440704995, 6.725322832278706, 3.5913435692599576, 5.353922604198544, 2.607130021589202, 5.437982635060749, 0.0, 4.973272854952415, 6.137355966492416, 6.0484730307475205], [4.354257503469525, 4.697814454413914, 5.945470823713544, 5.87521597229224, 4.004323002551313, 4.202934350594521, 5.445151010012012, 5.461931516704942, 6.597310762420393, 5.601175628607829, 6.160281083632, 7.407937452931629, 4.1347894837872525, 5.170611454579021, 4.078326519130964, 6.516522303967755, 2.8035827768392427, 3.2381815790932267, 2.7196924682847965, 7.035142736428195, 4.973272854952415, 0.0, 1.7627973813397064, 1.307746852432942], [5.915628715515422, 5.355402463157917, 4.909835993502453, 4.83958114208115, 5.598273236191485, 5.0181013809328014, 4.534516179800923, 4.551296686493853, 5.686675932209304, 7.265382007346906, 6.670704259069184, 6.4992291866371295, 5.762224430646641, 4.7599766243679325, 4.939373299498355, 5.480887473756666, 4.56638015817895, 3.1208722435051253, 4.355563285707912, 7.965392795380499, 6.137355966492416, 1.7627973813397064, 0.0, 1.6108350060061936], [5.5204149953121915, 5.273014630209018, 6.520670999508647, 6.450416148087344, 5.2030595159882544, 4.903134526389627, 6.020351185807115, 6.037131692500045, 7.172510938215497, 6.8103314784401405, 6.802571014640159, 8.050227383939788, 5.367010710443411, 5.745811630374126, 4.778526694926069, 7.091722479762859, 4.111329629272185, 3.450103463720326, 3.960349565504683, 8.010342266473733, 6.0484730307475205, 1.307746852432942, 1.6108350060061936, 0.0]]}, "data_2d": {"@module": "numpy", "@class": "array", "dtype": "float32", "data": [[-2.4403998851776123, 6.24361515045166], [-1.9766895771026611, 6.71750545501709], [-1.6640515327453613, 8.03327751159668], [-1.7715520858764648, 7.646586894989014], [-4.118870258331299, 5.972691535949707], [-4.697896957397461, 5.711660385131836], [-2.801283359527588, 8.763758659362793], [-2.986638069152832, 8.341370582580566], [-2.3271491527557373, 8.4402437210083], [-1.4301403760910034, 5.776427268981934], [-0.8572396039962769, 6.158080577850342], [-1.012717366218567, 6.641213893890381], [-4.001101970672607, 6.426661491394043], [-3.472647190093994, 7.887183666229248], [-4.499757289886475, 6.4273481369018555], [-3.413511037826538, 8.442747116088867], [-3.4840879440307617, 4.068491458892822], [-4.162328243255615, 5.5721845626831055], [-3.8439950942993164, 4.114006042480469], [-1.1626859903335571, 5.957324504852295], [-4.043564796447754, 4.4870100021362305], [-4.077424049377441, 3.0639383792877197], [-4.497164726257324, 3.0644540786743164], [-4.465058326721191, 3.1612796783447266]]}, "molecules": [{"@module": "chemdes.schema", "@class": "Molecule", "@version": null, "inchi": "InChI=1S/C8H16O2/c1-2-3-4-5-6-7-8(9)10/h2-7H2,1H3,(H,9,10)", "iupac_name": "octanoic acid"}, {"@module": "chemdes.schema", "@class": "Molecule", "@version": null, "inchi": "InChI=1S/C12H24O2/c1-2-3-4-5-6-7-8-9-10-11-12(13)14/h2-11H2,1H3,(H,13,14)", "iupac_name": "dodecanoic acid"}, {"@module": "chemdes.schema", "@class": "Molecule", "@version": null, "inchi": "InChI=1S/C18H36O2/c1-2-3-4-5-6-7-8-9-10-11-12-13-14-15-16-17-18(19)20/h2-17H2,1H3,(H,19,20)", "iupac_name": "octadecanoic acid"}, {"@module": "chemdes.schema", "@class": "Molecule", "@version": null, "inchi": "InChI=1S/C18H34O2/c1-2-3-4-5-6-7-8-9-10-11-12-13-14-15-16-17-18(19)20/h9-10H,2-8,11-17H2,1H3,(H,19,20)/b10-9-", "iupac_name": "(Z)-octadec-9-enoic acid"}, {"@module": "chemdes.schema", "@class": "Molecule", "@version": null, "inchi": "InChI=1S/C8H19N/c1-2-3-4-5-6-7-8-9/h2-9H2,1H3", "iupac_name": "octan-1-amine"}, {"@module": "chemdes.schema", "@class": "Molecule", "@version": null, "inchi": "InChI=1S/C12H27N/c1-2-3-4-5-6-7-8-9-10-11-12-13/h2-13H2,1H3", "iupac_name": "dodecan-1-amine"}, {"@module": "chemdes.schema", "@class": "Molecule", "@version": null, "inchi": "InChI=1S/C18H39N/c1-2-3-4-5-6-7-8-9-10-11-12-13-14-15-16-17-18-19/h2-19H2,1H3", "iupac_name": "octadecan-1-amine"}, {"@module": "chemdes.schema", "@class": "Molecule", "@version": null, "inchi": "InChI=1S/C18H37N/c1-2-3-4-5-6-7-8-9-10-11-12-13-14-15-16-17-18-19/h9-10H,2-8,11-19H2,1H3/b10-9-", "iupac_name": "(Z)-octadec-9-en-1-amine"}, {"@module": "chemdes.schema", "@class": "Molecule", "@version": null, "inchi": "InChI=1S/C18H38S/c1-2-3-4-5-6-7-8-9-10-11-12-13-14-15-16-17-18-19/h19H,2-18H2,1H3", "iupac_name": "octadecane-1-thiol"}, {"@module": "chemdes.schema", "@class": "Molecule", "@version": null, "inchi": "InChI=1S/C8H19O3P/c1-2-3-4-5-6-7-8-12(9,10)11/h2-8H2,1H3,(H2,9,10,11)", "iupac_name": "octylphosphonic acid"}, {"@module": "chemdes.schema", "@class": "Molecule", "@version": null, "inchi": "InChI=1S/C12H27O3P/c1-2-3-4-5-6-7-8-9-10-11-12-16(13,14)15/h2-12H2,1H3,(H2,13,14,15)", "iupac_name": "dodecylphosphonic acid"}, {"@module": "chemdes.schema", "@class": "Molecule", "@version": null, "inchi": "InChI=1S/C18H39O3P/c1-2-3-4-5-6-7-8-9-10-11-12-13-14-15-16-17-18-22(19,20)21/h2-18H2,1H3,(H2,19,20,21)", "iupac_name": "octadecylphosphonic acid"}, {"@module": "chemdes.schema", "@class": "Molecule", "@version": null, "inchi": "InChI=1S/C8H19N/c1-3-5-7-9-8-6-4-2/h9H,3-8H2,1-2H3", "iupac_name": "N-butylbutan-1-amine"}, {"@module": "chemdes.schema", "@class": "Molecule", "@version": null, "inchi": "InChI=1S/C16H35N/c1-3-5-7-9-11-13-15-17-16-14-12-10-8-6-4-2/h17H,3-16H2,1-2H3", "iupac_name": "N-octyloctan-1-amine"}, {"@module": "chemdes.schema", "@class": "Molecule", "@version": null, "inchi": "InChI=1S/C12H27N/c1-4-7-10-13(11-8-5-2)12-9-6-3/h4-12H2,1-3H3", "iupac_name": "N,N-dibutylbutan-1-amine"}, {"@module": "chemdes.schema", "@class": "Molecule", "@version": null, "inchi": "InChI=1S/C24H51N/c1-4-7-10-13-16-19-22-25(23-20-17-14-11-8-5-2)24-21-18-15-12-9-6-3/h4-24H2,1-3H3", "iupac_name": "N,N-dioctyloctan-1-amine"}, {"@module": "chemdes.schema", "@class": "Molecule", "@version": null, "inchi": "InChI=1S/C9H11NO2/c10-8(9(11)12)6-7-4-2-1-3-5-7/h1-5,8H,6,10H2,(H,11,12)", "iupac_name": "2-amino-3-phenylpropanoic acid"}, {"@module": "chemdes.schema", "@class": "Molecule", "@version": null, "inchi": "InChI=1S/C15H17N/c16-12-11-15(13-7-3-1-4-8-13)14-9-5-2-6-10-14/h1-10,15H,11-12,16H2", "iupac_name": "3,3-diphenylpropan-1-amine"}, {"@module": "chemdes.schema", "@class": "Molecule", "@version": null, "inchi": "InChI=1S/C10H24N2/c11-9-7-5-3-1-2-4-6-8-10-12/h1-12H2", "iupac_name": "decane-1,10-diamine"}, {"@module": "chemdes.schema", "@class": "Molecule", "@version": null, "inchi": "InChI=1S/C10H24O6P2/c11-17(12,13)9-7-5-3-1-2-4-6-8-10-18(14,15)16/h1-10H2,(H2,11,12,13)(H2,14,15,16)", "iupac_name": "10-phosphonodecylphosphonic acid"}, {"@module": "chemdes.schema", "@class": "Molecule", "@version": null, "inchi": "InChI=1S/C10H22S2/c11-9-7-5-3-1-2-4-6-8-10-12/h11-12H,1-10H2", "iupac_name": "decane-1,10-dithiol"}, {"@module": "chemdes.schema", "@class": "Molecule", "@version": null, "inchi": "InChI=1S/C10H8N2/c1-3-7-11-9(5-1)10-6-2-4-8-12-10/h1-8H", "iupac_name": "2-pyridin-2-ylpyridine"}, {"@module": "chemdes.schema", "@class": "Molecule", "@version": null, "inchi": "InChI=1S/C18H24N2/c1-17(2,3)13-7-9-19-15(11-13)16-12-14(8-10-20-16)18(4,5)6/h7-12H,1-6H3", "iupac_name": "4-tert-butyl-2-(4-tert-butylpyridin-2-yl)pyridine"}, {"@module": "chemdes.schema", "@class": "Molecule", "@version": null, "inchi": "InChI=1S/C12H8N2/c1-3-9-5-6-10-4-2-8-14-12(10)11(9)13-7-1/h1-8H", "iupac_name": "1,10-phenanthroline"}]}